1000
1001
1002
1003
1004
1005 - 시간초과
1008
1009
1010
1012
1016
1026
1032
1037
1074
1085
1094
1110
1149
1157
1158
1167
1238
1260
1316
1357
1373
1377
1406
1427
1463
1474
1546
1598
1644
1654
1668
1676
1699
1707
1764
1789
1834
1850
1904
1912
1919
1934
1964
1964
1967
1977
1991
2004
2010
2011
2089
2097
2108
2133
2136
2146
2156
2178
2193
2225
2231
2309
2331
2338
2399
2407
2448
2455
2475
2490
2579
2592
2609
2667
2693
2740
2741
2742
2743
2745
2747
2754
2775
2798
2822
2839
2851
2863
2908
2914
2920
2941
2953
2960
3047
3049
3053
3273
3460
4344
4458
4659
4948
4963
5032
5063
5218
5337
5339
5522
5586
5596
5598
5618
5622
5717
6321
6359
6378
6588
6591
6996
7287
7481
7576
8462
8741
8911
9012
9020
9085
9086
9095
9375
9426
9461
9465
9466
9507
9613
9653
9654
9655
9656
9657
9658
9659
9660
9661
9663
9935
10039
10102
10170
10172
10250
10409
10430
10448
10451
10569
10610
10699
10708
10718
10768
10799
10800
10804
10807
10808
10813
10814
10818
10820
10821
10824
10825
10828
10835
10844
10845
10866
10872
10950
10951
10952
10953
10984
10989
10998
11004
11005
11021
11023
11051
11052
11053
11054
11055
11057
11282
11283
11382
11399
11401
11576
11650
11651
11652
11653
11655
11656
11718
11719
11720
11721
11722
11724
11725
11726
11727
11815
11866
11931
11943
12790
12833
12852
13199
13300
13420